356
354
356
358
360
361
363
367
370
371
374
376
378
381
384
386
387
389
390
394
398
399
400
405
410
412
413
415
418
427
429
430
431
433
436
438
439
443
444
451
452
454
457
459
16158
466
468
469
470
471
478
486
489
495
498
501
503
504
506
510
512
515
519
520
521
523
526
533
536
539
541
543
545
548
551
552
557
558
560
563
567
571
577
581
584
585
586
592
594
599
603
605
612
615
620
625
626
627
631
635
637
640
642
644
645
646
649
650
651
652
653
655
657
658
661
666
670
673
677
684
687
689
698
701
705
712
715
717
718
721
722
726
729
732
736
740
742
746
748
751
756
760
765
766
774
784
794
797
799
800
801
808
810
813
815
818
819
820
823
824
827
829
830
831
833
840
841
844
847
849
854
857
859
864
866
869
872
873
16167
884
886
889
892
897
898
900
904
905
908
910
912
918
924
925
932
937
944
954
988
1000
1010
1017
1027
1064
1074
1088
1095
1105
1111
1112
1115
1123
1133
1137
1147
1159
1166
1169
1178
1185
1195
1198
1200
1202
1203
1205
1206
1207
1210
1213
1218
1219
1223
1230
1233
1234
1235
1237
1238
1248
1251
1255
1261
1263
1270
1274
1284
1314
1334
1345
1359
1381
1404
1407
1417
1420
1430
1494
1499
1509
1517
1527
1551
1561
1571
1601
1603
1613
1620
1622
1632
1643
1657
1676
1677
1686
1689
1690
1700
1711
1715
1725
1747
1757
1776
1786
1809
1819
1835
1844
1848
1852
1855
1857
1865
1875
1884
1888
1891
1892
1894
1902
1903
1906
1910
1919
1921
1924
1927
1929
1931
1932
1937
1947
1967
1977
2022
2041
2047
2050
2052
2062
2083
2115
2148
2158
2168
2216
2236
2255
2261
2271
2311
2324
2333
2344
2356
2366
2386
2391
2401
2412
2502
2514
2528
2529
2532
2542
2599
2624
2635
2641
2651
2690
2700
2710
2727
2742
2753
2821
2831
2844
2858
2907
2917
2929
2932
2935
2937
2947
2953
2954
2955
2964
2970
2971
2974
2980
2985
2986
2993
3001
3007
3015
3025
3038
3046
3056
3071
3099
3114
3124
3150
3218
3224
3234
3247
3256
3266
3318
3322
3323
3327
3330
3332
3342
3352
3355
3359
3366
3373
3374
3375
3385
3405
3407
3408
3412
3422
3437
3447
3466
3473
3483
3528
3545
3566
3572
3573
3580
3588
3589
3592
3602
3616
3619
3626
3630
3633
3636
3641
3646
3651
3661
3673
3681
3691
3702
3706
3707
3717
3745
3755
3796
3797
3798
3801
3811
3821
3834
3844
3883
3895
3906
3917
3926
3936
3947
3957
3959
3969
3975
3985
3990
4000
4045
4055
4074
4078
4086
4090
4092
4094
4095
4100
4110
4122
4127
4137
4144
4147
4152
4154
4165
4172
4181
4185
4186
4187
4195
4196
4198
4208
4231
4236
4240
4244
4249
4254
4256
4266
4286
4295
4296
4298
4301
4311
4322
4327
4334
4337
4346
4348
4350
4351
4356
4359
4365
4375
4377
4379
4387
4389
4398
4401
4411
4430
4440
4443
4450
4456
4457
4459
4467
4469
4472
4475
4476
4486
4491
4495
4505
4513
4519
4521
4522
4526
4527
4528
4529
4531
4536
4546
4566
4598
4600
4603
4608
4618
4705
4710
4717
4727
4753
4757
4758
4759
4760
4761
4762
4770
4774
4784
4801
4806
4816
4831
4833
4840
4848
4858
4872
4886
4896
4897
4899
4909
4912
4913
4919
4929
4933
4934
4937
4938
4941
4942
4946
4956
4985
5058
5065
5068
5075
5080
5084
5087
5096
5106
5112
5113
5118
5121
5131
5133
5135
5145
5148
5149
5150
5151
5153
5156
5160
5167
5170
5172
5173
5181
5187
5188
5189
5190
5193
5194
5196
5197
5198
5201
5206
5208
5211
5213
5215
5217
5222
5226
5228
5235
5238
5241
5242
5243
5246
5249
5255
5257
5261
5262
5263
5265
5270
5274
5275
5278
5283
5287
5290
5292
5293
5296
5299
5301
5303
5304
5306
5308
5310
5312
5316
5319
5321
5326
5327
5328
5329
5330
5332
5337
5338
5340
5341
5343
5345
5346
5353
5354
5355
5356
5357
5359
5362
5366
5367
5370
5375
5378
5379
5381
5384
5385
5386
5387
5388
5389
5392
5393
5396
5401
5403
5404
5408
5410
5411
5412
5413
5414
5416
5417
5419
5420
5421
5422
5429
5434
5436
5442
5445
5447
5450
5455
5458
5462
5465
5468
5470
5475
5478
5482
5484
5485
5495
5496
5497
5499
5501
5504
5510
5512
5514
5518
5521
5524
5526
5530
5532
5533
5534
5539
5540
5542
5546
5548
5551
5555
5556
5560
5561
5563
5565
5567
5569
5571
5572
5574
5580
5582
5583
5584
5585
5588
5591
5593
5595
5598
5602
5604
5607
5610
5611
5612
5615
5619
5622
5628
5632
5634
5635
5641
5643
5644
5645
5649
5650
5652
5654
5655
5658
5662
5665
5672
5679
5683
5689
5695
5699
5703
5709
5713
5715
5719
5720
5723
5727
5728
5733
5734
5740
5746
5750
5752
5760
5764
5768
5774
5780
5781
5785
5795
5814
5819
5820
5830
5839
5849
5867
5868
5878
5888
5889
5892
5894
5895
5896
5897
5899
5905
5907
5909
5911
5915
5917
5927
5929
5937
5941
5943
5948
5949
5952
5959
5961
5971
5978
5983
5993
6005
6008
6010
6012
6022
6036
6046
6054
6061
6064
6067
6068
6071
6074
6078
6079
6082
6083
6090
6091
6093
6098
6100
16161
6104
6108
6118
6126
6135
6136
6146
6168
6195
6247
6249
6250
6255
6258
6265
6275
6292
6302
6312
6316
6320
6330
6342
6349
6351
6361
6372
6380
6390
6393
6395
6396
6399
6408
6412
6413
6414
6424
6452
6462
6465
6469
6472
6473
6483
6484
6487
6488
6491
6492
6493
6495
6496
6497
6498
6499
6503
6507
6510
6511
6512
6513
6522
6532
6545
6546
6549
6551
6561
6571
6580
6582
6592
6615
6625
6627
6637
6650
6652
6657
6667
6675
6685
6713
6723
6736
6746
6750
6751
6754
6755
6763
6764
6768
6777
6778
6780
6785
6792
6793
6794
6796
6799
6802
6808
6818
6829
6837
6838
6840
6850
6860
6873
6878
6882
6884
6894
6905
6908
6911
6918
6925
6935
6947
6961
6992
7002
7006
7011
7016
7024
7025
7026
7035
7036
7037
7039
7049
7055
7059
7063
7067
7076
7077
7087
7107
7108
7109
7111
7121
7131
7132
7134
7135
7136
7137
7138
7141
7147
7148
7149
7157
7162
7167
7169
7177
7178
7179
7185
7188
7190
7193
7194
7199
7205
7215
7220
7227
7230
7234
7236
7239
7243
7244
7248
7255
7262
7264
7273
7274
7284
16157
7285
7287
7289
7299
7315
7319
7320
7330
7345
7347
7357
7386
7389
7397
7398
7400
7403
7413
7438
7441
7442
7443
7447
7452
7461
7462
7463
7472
7473
7478
7479
7481
7484
7494
7497
7505
7506
7510
7511
7514
7524
7544
7548
7553
7557
7567
7569
7570
7574
7584
7589
7590
7593
7600
7601
7602
7606
7608
7609
7610
7611
7612
7614
7615
7619
7625
7627
7628
7629
7630
7631
7632
7640
7641
7642
7643
7646
7651
7658
7660
7662
7665
7669
7670
7671
7672
7674
7675
7676
7677
7678
7679
7680
7681
7686
7693
7694
7695
7696
7698
7701
7703
7705
7707
7709
7713
7716
7718
7722
7726
7730
7738
7741
7751
7761
7764
7770
7780
7802
7805
7815
7817
7825
7826
7836
7847
7849
7859
7878
7881
7882
7883
7893
7907
7917
7932
7941
7942
7945
7950
7958
7959
7963
7973
7998
8002
8003
8013
8021
8024
8034
8051
8058
8065
8066
8069
8073
8078
8088
8092
8094
8095
8096
8104
8105
8107
8109
8110
8112
8115
8116
8117
8118
8120
8129
8130
8134
8138
8139
8140
8141
8143
8144
8145
8146
8149
8151
8152
8157
8158
8161
8162
8163
8164
8168
8169
8174
8182
8192
8198
8208
8209
8210
8213
8223
8231
8232
8233
8236
8237
8247
8260
8261
8271
8275
8278
8281
8288
8298
8302
8306
8307
8308
8312
8322
8326
8331
8333
8338
8341
8343
8345
8347
8350
8354
8355
8360
8369
8371
8377
8381
8382
8383
8388
8389
16166
8394
8398
8403
8405
8406
8407
8413
8421
8423
8428
8431
8433
8434
8437
8438
8443
8445
8449
8459
8462
8463
8465
8473
8478
8480
8486
8488
8492
8495
8498
8499
8502
8504
8507
8510
8515
8521
8522
8523
8525
8529
8531
8534
8536
8541
8542
8544
8549
8557
8559
16165
8567
8571
8573
8575
8578
8580
8582
8586
8587
8592
8593
8596
8597
8599
8603
8604
8605
8607
8608
8609
8611
8615
8617
8621
8624
8625
8626
8628
8634
8637
8642
8649
8650
8660
8677
8681
8686
8696
8707
8714
8721
8727
8733
8742
8749
8750
8755
8757
8758
8761
8762
8764
8767
8770
8772
8773
8774
8775
8776
8778
8788
16164
8803
8832
8841
8845
8848
8855
8865
8888
8941
8951
8968
8994
9011
9024
9037
9055
9067
9077
9101
9104
9105
9110
9120
9165
9230
9233
9243
9255
9273
9293
9298
9299
9309
9323
9324
9325
9326
9336
9376
9377
9380
9381
9384
9385
9388
9389
9399
9414
9419
9421
9422
9432
9442
9444
9454
9455
9465
9474
9480
9484
9494
9505
9509
9510
9511
9512
9513
9523
9531
9538
9545
9546
9549
9557
9559
9564
9566
9569
9571
9574
9578
9582
9592
9603
9613
9614
9619
9622
9624
9630
9631
9633
9634
9635
9637
9646
9647
9649
9652
9653
9655
9657
9659
9660
9670
9672
9678
9679
9682
9685
9688
9690
9700
9701
9702
9708
9709
9712
9714
9722
9723
9725
9735
9739
9742
9752
9764
9767
9768
9769
9773
9783
9799
9801
9811
9827
9836
9838
9842
9848
9850
9856
9860
9870
9889
9895
9902
9906
9912
9914
9918
9921
9922
9932
10010
10011
10018
10024
10031
10034
10039
10044
10053
10063
10083
10088
10098
10115
10120
10130
10133
10143
10162
10172
10183
10217
10234
10244
10268
10318
10340
10350
10362
10372
10425
10453
10462
10464
10472
10476
10486
10521
10528
10529
10531
10541
10553
10572
10659
10681
10686
10687
10690
10691
10693
10695
10696
10697
10707
10725
10728
10729
10738
10744
10746
10756
10765
10775
10784
10788
10791
10792
10796
10805
10806
10808
10809
10813
10814
10822
10824
10825
10835
10886
10911
10914
10915
10916
10918
10920
10924
10926
10933
10935
10940
10944
10946
10956
10984
10993
10994
11000
11006
11015
11025
11033
11041
11051
11065
11074
11075
11086
11092
11102
11136
11146
11161
11171
11187
11196
11203
11209
11219
11247
11255
11259
11264
11274
11308
11318
11341
11348
11349
11355
11357
11367
11397
11403
11407
11411
11422
11449
11520
11542
11571
11583
11595
11601
11607
11613
11619
11623
11624
11629
11633
11642
11650
11656
11661
11663
11664
11674
11706
11714
11716
11721
11728
11731
11735
11740
11744
11750
11756
11761
11765
11767
11769
11773
11774
11775
11779
11781
11784
11786
11791
11794
11801
11806
11812
11816
11820
11823
11825
11830
11835
11840
11842
11847
11850
11854
11859
11864
11866
11870
11872
11878
11888
11894
11900
11905
11912
11917
11925
11931
11941
11949
11953
11955
11957
11959
11965
11970
11973
11976
11981
11987
11989
11990
11991
11992
11995
11998
12001
12004
12006
12009
12012
12014
12017
12020
12025
12031
12037
12039
12045
12051
12062
12068
12073
12074
12084
12092
12095
12098
12101
12102
12105
12106
12107
12109
12110
12112
12113
12114
12115
12117
12118
12119
12120
12121
12125
12135
12139
12141
12142
12150
12154
12158
12159
12163
12165
12169
12170
12172
12173
12175
12178
12183
12184
12188
12198
12203
12205
12210
12213
12219
12229
12232
12242
12244
12245
12253
12254
12257
12267
12283
12305
12306
12308
12309
12315
12316
12320
12330
12350
12351
12352
12353
12358
12361
12364
12370
12376
12386
12410
12425
12439
12449
12452
12457
12461
12462
12468
12470
12474
12484
12494
12497
12503
12513
12527
12533
12543
12551
12559
12563
12569
12579
12586
12596
12629
12631
12632
12636
12637
12639
12644
12648
12650
12660
12673
12679
12684
12694
12702
12706
12713
12719
12729
12730
12736
12737
12740
12741
12743
12750
12757
12767
12776
12784
12792
12797
12799
12803
12804
12812
12822
12835
12839
12842
12844
12846
12850
12859
12860
12862
12864
12874
12889
12896
12898
12900
12910
12924
12941
12950
12960
12972
13013
13015
13025
13038
13039
13043
13053
13057
13065
13066
13067
13068
13069
13072
13076
13078
13079
13080
13083
13090
13091
13097
13107
13117
13118
13123
13124
13127
13137
13147
13160
13167
13177
13183
13187
13197
13203
13208
13218
13219
13229
13239
13245
13251
13253
13255
13257
13260
13270
13282
13295
13299
13300
13302
13303
13313
13350
13351
13352
13354
13358
13360
13364
13374
13384
13387
13388
13391
13392
13396
13402
13404
13409
13419
13428
13438
13459
13484
13491
13492
13502
13512
13522
13536
13546
13549
13558
13561
13564
13574
13592
13610
13625
13642
13644
13647
13649
13650
13652
13653
13655
13659
13663
13669
13671
13672
13675
13676
13678
13680
13688
13690
13695
13697
13698
13699
13701
13705
13707
13715
13719
13720
13726
13729
13730
13731
13732
13733
13735
13736
13737
13742
13743
13745
13749
13752
13753
13755
13756
13761
13769
13779
13788
13789
13790
13794
13798
13801
13803
13807
13817
13820
13821
13822
13828
13829
13831
13832
13833
13835
13845
13848
13850
13852
13854
13856
13858
13863
13864
13867
13871
13875
13876
13879
13882
13883
13890
13891
13893
13897
13906
13916
13920
13924
13926
13927
13930
13931
13934
13938
13940
13943
13946
13951
13957
13960
13965
13969
13971
13973
13974
13975
13976
13979
13990
14000
14002
14006
14016
14027
14031
14033
14034
14035
14036
14037
14038
14039
14041
14042
14043
14048
14058
14061
14072
14080
14087
14090
14096
14097
14103
14105
14106
14108
14118
14127
14128
14129
14131
14141
14146
14151
14159
14165
14175
14177
14179
14187
14190
14191
14194
14196
14203
14209
14219
14240
14246
14251
14261
14271
14300
14302
14306
14315
14319
14326
14332
14342
14362
14367
14377
14381
14389
14398
14399
14409
14417
14427
14435
14442
14443
14444
14445
14453
14454
14456
14464
14474
14524
14535
14541
14546
14555
14556
14557
14561
14562
14565
14567
14571
14581
14591
14595
14596
14597
14599
14601
14603
14607
14608
14609
14614
14619
14620
14621
14627
14637
14639
14640
14641
14651
14654
14658
14660
14668
14674
14675
14676
14679
14689
14698
14702
14707
14710
14714
14716
14718
14719
14720
14726
14727
14728
14730
14733
14734
14738
14741
14743
14753
14758
14759
14767
14777
14791
14798
14803
14805
14807
14809
14815
14817
14827
14830
14831
14835
14836
14846
14862
14867
14869
14872
14873
14874
14875
14876
14879
14880
14887
14889
14896
14897
14899
14908
14909
14912
14917
14920
14923
14926
14932
14933
14935
14945
14956
14957
14958
14964
14968
14974
14975
14977
14979
14981
14985
14986
14987
14989
14995
15000
15010
15020
15025
15035
15057
15116
15119
15126
15131
15132
15133
15136
15137
15147
15150
15153
15155
15156
15157
15159
15160
15165
15166
15169
15172
15175
15179
15180
15181
15182
15184
15190
15191
15192
15193
15201
15202
15204
15206
15210
15211
15216
15222
15225
15235
15257
15262
15267
15268
15269
15271
15281
15295
15297
15300
15308
15313
15323
15324
15332
15333
15339
15345
15355
15356
15357
15358
15359
15360
15362
15369
15370
15372
16156
16152
15378
15380
15383
15385
15387
15391
15396
15400
15402
15405
15406
15412
15420
15423
15425
15426
15427
15428
15429
15431
15432
15433
15443
15469
15470
15472
15482
15486
15496
15523
15524
15532
15533
15534
15544
15554
15564
15612
15627
15628
15630
15632
15637
15639
15644
15651
15652
15654
15655
15657
15658
15659
15660
15663
15664
15668
15669
15671
15672
15682
15687
15689
15692
15700
15704
15708
15718
15733
15738
15742
15752
15767
15772
15779
15789
15803
15810
15813
15818
15828
15835
15838
15843
15853
15860
15865
15868
15878
15889
15892
15896
15897
15898
15903
15906
15911
15914
15921
15931
15954
15964
15985
15997
16020
16037
16048
16067
16093
16103
16123
16141
16142
16144
16146
16150
16151
